UNet
mean           0.866436  0.957255  0.845725  0.687095  0.941662  0.941464
std            0.033625  0.013758  0.036457  0.140947  0.015824  0.017987

ResUNet
mean           0.861489  0.957318  0.853536  0.735816  0.940725  0.940650
std            0.044300  0.013675  0.044751  0.100161  0.016095  0.018545

DenseUNet
mean           0.860206  0.956451  0.838676  0.726095  0.941384  0.941363
std            0.039601  0.014956  0.061018  0.128241  0.016403  0.017811

InceptionUNet
mean           0.846960  0.956887  0.845727  0.735043  0.941807  0.941630
std            0.050487  0.014349  0.051880  0.119296  0.015802  0.017799

AxialUNet
mean           0.854322  0.956511  0.843721  0.699478  0.942306  0.942221
std            0.044489  0.014916  0.034418  0.147266  0.015789  0.018431

FinalModel
mean           0.866436  0.957255  0.853025  0.740074  0.942306  0.942221
std            0.033625  0.013758  0.044364  0.116643  0.015789  0.018431